samp_inputs/oh.mask
ncols         104
nrows         72
xllcorner     -90
yllcorner     34
cellsize      0.125
NODATA_value  -1
[rows 0 to 37 of 72, columns 0 to 83 of 104]
-1 -1 -1 -1 -1 -1 -1 -1 -1 -1 -1 -1 -1 -1 -1 -1 -1 -1 -1 -1 -1 -1 -1 -1 -1 -1 -1 -1 -1 -1 -1 -1 -1 -1 -1 -1 -1 -1 -1 -1 -1 -1 -1 -1 -1 -1 -1 -1 -1 -1 -1 -1 -1 -1 -1 -1 -1 -1 -1 -1 -1 -1 -1 -1 -1 -1 -1 -1 -1 -1 -1 -1 -1 -1 -1 -1 -1 -1 -1 -1 -1 -1 -1 -1
-1 -1 -1 -1 -1 -1 -1 -1 -1 -1 -1 -1 -1 -1 -1 -1 -1 -1 -1 -1 -1 -1 -1 -1 -1 -1 -1 -1 -1 -1 -1 -1 -1 -1 -1 -1 -1 -1 -1 -1 -1 -1 -1 -1 -1 -1 -1 -1 -1 -1 -1 -1 -1 -1 -1 -1 -1 -1 -1 -1 -1 -1 -1 -1 -1 -1 -1 -1 -1 -1 -1 -1 -1 -1 -1 -1 -1 -1 -1 -1 -1 -1 -1 -1
-1 -1 -1 -1 -1 -1 -1 -1 -1 -1 -1 -1 -1 -1 -1 -1 -1 -1 -1 -1 -1 -1 -1 -1 -1 -1 -1 -1 -1 -1 -1 -1 -1 -1 -1 -1 -1 -1 -1 -1 -1 -1 -1 -1 -1 -1 -1 -1 -1 -1 -1 -1 -1 -1 -1 -1 -1 -1 -1 -1 -1 -1 -1 -1 -1 -1 -1 -1 -1 -1 -1 -1 -1 -1 -1 -1 -1 -1 -1 -1 -1 -1 -1 -1
-1 -1 -1 -1 -1 -1 -1 -1 -1 -1 -1 -1 -1 -1 -1 -1 -1 -1 -1 -1 -1 -1 -1 -1 -1 -1 -1 -1 -1 -1 -1 -1 -1 -1 -1 -1 -1 -1 -1 -1 -1 -1 -1 -1 -1 -1 -1 -1 -1 -1 -1 -1 -1 -1 -1 -1 -1 -1 -1 -1 -1 -1 -1 -1 -1 -1 -1 -1 -1 -1 -1 -1 -1 -1 -1 -1 -1 -1 -1 -1 -1 -1 -1 -1
-1 -1 -1 -1 -1 -1 -1 -1 -1 -1 -1 -1 -1 -1 -1 -1 -1 -1 -1 -1 -1 -1 -1 -1 -1 -1 -1 -1 -1 -1 -1 -1 -1 -1 -1 -1 -1 -1 -1 -1 -1 -1 -1 -1 -1 -1 -1 -1 -1 -1 -1 -1 -1 -1 -1 -1 -1 -1 -1 -1 -1 -1 -1 -1 -1 -1 -1 -1 -1 -1 -1 -1 -1 -1 -1 -1 -1 -1 -1 -1 -1 -1 -1 -1
-1 -1 -1 -1 -1 -1 -1 -1 -1 -1 -1 -1 -1 -1 -1 -1 -1 -1 -1 -1 -1 -1 -1 -1 -1 -1 -1 -1 -1 -1 -1 -1 -1 -1 -1 -1 -1 -1 -1 -1 -1 -1 -1 -1 -1 -1 -1 -1 -1 -1 -1 -1 -1 -1 -1 -1 -1 -1 -1 -1 -1 -1 -1 -1 -1 -1 -1 -1 -1 -1 -1 -1 -1 -1 -1 -1 -1 -1 -1 -1 -1 -1 -1 -1
-1 -1 -1 -1 -1 -1 -1 -1 -1 -1 -1 -1 -1 -1 -1 -1 -1 -1 -1 -1 -1 -1 -1 -1 -1 -1 -1 -1 -1 -1 -1 -1 -1 -1 -1 -1 -1 -1 -1 -1 -1 -1 -1 -1 -1 -1 -1 -1 -1 -1 -1 -1 -1 -1 -1 -1 -1 -1 -1 -1 -1 -1 -1 -1 -1 -1 -1 -1 -1 -1 -1 -1 -1 -1 -1 -1 -1 -1 -1 -1 -1 13899 10299 13899
-1 -1 -1 -1 -1 -1 -1 -1 -1 -1 -1 -1 -1 -1 -1 -1 -1 -1 -1 -1 -1 -1 -1 -1 -1 -1 -1 -1 -1 -1 -1 -1 -1 -1 -1 -1 -1 -1 -1 -1 -1 -1 -1 -1 -1 -1 -1 -1 -1 -1 -1 -1 -1 -1 -1 -1 -1 -1 -1 -1 -1 -1 -1 -1 -1 -1 -1 -1 -1 -1 -1 -1 -1 -1 -1 -1 -1 -1 -1 13899 13899 13899 10319 13899
-1 -1 -1 -1 -1 -1 -1 -1 -1 -1 -1 -1 -1 -1 -1 -1 -1 -1 -1 -1 -1 -1 -1 -1 -1 -1 -1 -1 -1 -1 -1 -1 -1 -1 -1 -1 -1 -1 -1 -1 -1 -1 -1 -1 -1 -1 -1 -1 -1 -1 -1 -1 -1 -1 -1 -1 -1 -1 -1 -1 -1 -1 -1 -1 -1 -1 -1 -1 -1 -1 -1 -1 -1 -1 -1 -1 -1 -1 17323 10339 13899 10339 10339 17323
-1 -1 -1 -1 -1 -1 -1 -1 -1 -1 -1 -1 -1 -1 -1 -1 -1 -1 -1 -1 -1 -1 -1 -1 -1 -1 -1 -1 -1 -1 -1 -1 -1 -1 -1 -1 -1 -1 -1 -1 -1 -1 -1 -1 -1 -1 -1 -1 -1 -1 -1 -1 -1 -1 -1 -1 -1 -1 -1 -1 -1 -1 -1 -1 -1 -1 -1 -1 -1 -1 -1 -1 -1 -1 -1 -1 -1 17335 13899 17335 10360 17335 17335 10360
-1 -1 -1 -1 -1 -1 -1 -1 -1 -1 -1 -1 -1 -1 -1 -1 -1 -1 -1 -1 -1 -1 -1 -1 -1 -1 -1 -1 -1 -1 -1 -1 -1 -1 -1 -1 -1 -1 -1 -1 -1 -1 -1 -1 -1 -1 -1 -1 -1 -1 -1 -1 -1 -1 -1 -1 -1 -1 -1 -1 -1 -1 -1 -1 -1 -1 -1 -1 -1 -1 -1 -1 -1 -1 13899 17347 13899 17347 13899 10380 13899 10380 10380 17347
-1 -1 -1 -1 -1 -1 -1 -1 -1 -1 -1 -1 -1 -1 -1 -1 -1 -1 -1 -1 -1 -1 -1 -1 -1 -1 -1 -1 -1 -1 -1 -1 -1 -1 -1 -1 -1 -1 -1 -1 -1 -1 -1 -1 -1 -1 -1 -1 -1 -1 -1 -1 -1 -1 -1 -1 -1 -1 -1 -1 -1 -1 -1 -1 -1 -1 -1 -1 -1 -1 -1 -1 -1 -1 13899 10400 13899 13899 10400 17359 13899 17359 13899 13899
-1 -1 -1 -1 -1 -1 -1 -1 -1 -1 -1 -1 -1 -1 -1 -1 -1 -1 -1 -1 -1 -1 -1 -1 -1 -1 -1 -1 -1 -1 -1 -1 13899 13899 -1 17371 -1 -1 -1 -1 -1 -1 -1 -1 -1 -1 -1 -1 -1 -1 -1 -1 -1 -1 -1 -1 -1 -1 -1 -1 -1 -1 -1 -1 -1 -1 -1 -1 -1 -1 -1 -1 -1 10420 10420 13899 17371 10420 10420 10420 10420 13899 10420 10420
-1 -1 -1 -1 -1 -1 -1 -1 -1 -1 -1 -1 -1 -1 -1 -1 -1 -1 -1 -1 -1 -1 -1 -1 -1 -1 -1 -1 13899 -1 13899 13899 13899 17383 10440 10440 10440 -1 -1 -1 -1 -1 -1 -1 -1 -1 -1 -1 -1 -1 -1 -1 -1 -1 -1 -1 -1 -1 -1 -1 -1 -1 -1 -1 -1 -1 -1 -1 -1 -1 10440 10440 17383 17383 10440 10440 17383 10440 13899 10440 10440 13899 10440 10440
-1 -1 -1 -1 -1 -1 -1 -1 -1 -1 -1 -1 -1 -1 -1 -1 -1 -1 -1 -1 -1 -1 -1 -1 17395 13899 10460 13899 10460 13899 13899 10460 10460 10460 13899 17395 17395 10460 -1 -1 -1 -1 -1 -1 -1 -1 -1 -1 -1 -1 -1 -1 -1 -1 -1 -1 -1 -1 -1 -1 -1 -1 -1 13899 13899 13899 10460 13899 -1 -1 10460 10460 13899 10460 13899 10460 13899 13899 17395 13899 10460 10460 13899 17395
-1 -1 -1 -1 -1 -1 -1 -1 -1 -1 -1 -1 -1 -1 -1 -1 -1 -1 -1 -1 -1 -1 -1 -1 10480 13899 10480 17407 13899 17407 10480 10480 13899 13899 17407 10480 10480 13899 -1 -1 -1 -1 -1 -1 -1 -1 -1 -1 -1 -1 -1 -1 -1 -1 -1 -1 -1 -1 -1 -1 -1 17407 13899 10480 17407 13899 10480 13899 10480 17407 13899 17407 10480 13899 10480 10480 17407 13899 13899 10480 10480 10480 10480 13899
-1 -1 -1 -1 -1 -1 -1 -1 -1 -1 -1 -1 -1 -1 -1 -1 -1 -1 -1 -1 -1 -1 -1 -1 10500 13899 17419 10500 17419 10500 13899 17419 17419 10500 10500 13899 17419 10500 10500 -1 -1 -1 -1 -1 -1 -1 -1 -1 -1 -1 -1 -1 -1 -1 -1 -1 -1 -1 10500 17419 13899 17419 13899 13899 13899 10500 10500 13899 17419 13899 10500 17419 13899 13899 13899 17419 10500 13899 17419 10500 13899 17419 13899 10500
-1 -1 -1 -1 -1 -1 -1 -1 -1 -1 -1 -1 -1 -1 -1 -1 -1 -1 -1 -1 -1 -1 -1 10520 10520 13899 10520 10520 13899 17431 10520 13899 10520 10520 10520 10520 10520 17431 10520 17431 -1 -1 -1 -1 -1 -1 -1 -1 -1 -1 -1 -1 -1 -1 -1 13899 17431 10520 10520 10520 17431 10520 10520 13899 13899 10520 10520 17431 10520 13899 13899 13899 17431 10520 13899 10520 10520 13899 10520 10520 10520 10520 17431 13899
-1 -1 -1 -1 -1 -1 -1 -1 -1 -1 -1 -1 -1 17443 -1 -1 -1 -1 -1 -1 -1 10539 13899 10539 10539 13899 13899 10539 10539 10539 10539 10539 13899 17443 10539 13899 17443 10539 17443 10539 10539 -1 -1 -1 -1 -1 -1 -1 13899 10539 10539 17443 13899 13899 13899 13899 10539 10539 10539 13899 10539 10539 10539 10539 13899 10539 10539 13899 13899 13899 10539 10539 10539 10539 10539 13899 10539 10539 10539 13899 17443 13899 13899 10539
-1 -1 -1 -1 -1 -1 -1 -1 -1 -1 -1 -1 -1 17455 13899 13899 -1 -1 13899 13899 17455 13899 17455 10559 10559 13899 10559 10559 10559 10559 10559 10559 13899 10559 17455 10559 13899 17455 13899 13899 17455 10559 10559 -1 -1 -1 -1 10559 10559 13899 10559 10559 10559 13899 13899 13899 10559 10559 10559 10559 17455 13899 13899 17455 13899 10559 10559 10559 13899 10559 10559 10559 10559 10559 17455 13899 13899 13899 13899 10559 13899 13899 10559 17455
-1 -1 -1 -1 -1 -1 -1 -1 -1 -1 -1 -1 -1 10579 10579 17467 13899 13899 13899 10579 17467 13899 10579 13899 10579 10579 10579 10579 10579 10579 10579 10579 10579 13899 13899 17467 10579 13899 17467 13899 13899 17467 10579 10579 17467 10579 13899 17467 13899 17467 13899 10579 17467 13899 13899 13899 10579 17467 10579 17467 13899 10579 13899 10579 13899 10579 17467 10579 13899 10579 17467 10579 17467 10579 10579 13899 10579 13899 10579 17467 10579 10579 10579 13899
-1 -1 -1 -1 -1 -1 -1 -1 -1 -1 -1 -1 -1 -1 17479 13899 10599 13899 13899 17479 13899 13899 10599 10599 13899 10599 17479 10599 13899 10599 13899 13899 13899 13899 17479 10599 17479 10599 10599 17479 10599 10599 10599 13899 10599 17479 13899 10599 10599 10599 17479 17479 13899 10599 13899 13899 13899 17479 17479 17479 13899 13899 10599 10599 10599 13899 10599 10599 10599 17479 17479 10599 10599 10599 13899 17479 10599 10599 10599 13899 13899 13899 17479 13899
-1 -1 -1 -1 -1 -1 -1 -1 -1 -1 -1 -1 -1 10618 17491 13899 10618 10618 13899 13899 13899 10618 17491 10618 10618 13899 17491 10618 10618 10618 10618 13899 13899 17491 13899 10618 10618 10618 17491 13899 13899 13899 10618 10618 17491 10618 13899 13899 13899 13899 10618 10618 17491 13899 10618 13899 13899 10618 10618 10618 13899 13899 13899 13899 17491 10618 17491 10618 17491 13899 10618 10618 10618 10618 13899 10618 10618 10618 17491 10618 13899 13899 10618 10618
-1 -1 -1 -1 -1 -1 -1 -1 -1 -1 -1 -1 -1 10638 10638 10638 10638 10638 10638 17503 13899 17503 10638 10638 17503 10638 10638 13899 10638 13899 13899 13899 17503 13899 10638 10638 17503 17503 13899 17503 13899 10638 17503 10638 10638 13899 13899 10638 10638 13899 13899 10638 10638 17503 10638 13899 13899 13899 10638 10638 10638 10638 17503 10638 13899 17503 10638 13899 10638 10638 13899 10638 10638 10638 13899 10638 17503 10638 10638 13899 10638 17503 17503 10638
-1 -1 -1 -1 -1 -1 -1 -1 -1 -1 -1 -1 -1 13899 13899 10657 10657 10657 10657 10657 17514 13899 17514 10657 10657 17514 17514 10657 10657 13899 13899 17514 17514 10657 10657 10657 17514 10657 13899 17514 13899 17514 17514 13899 10657 13899 13899 13899 17514 10657 10657 17514 10657 17514 10657 13899 13899 10657 10657 10657 13899 10657 17514 10657 13899 17514 13899 13899 10657 13899 10657 10657 17514 13899 10657 17514 10657 10657 10657 17514 13899 13899 17514 13899
-1 -1 -1 -1 -1 -1 -1 -1 -1 -1 -1 -1 -1 10677 17526 13899 17526 10677 13899 13899 13899 17526 13899 13899 10677 10677 17526 10677 13899 10677 13899 10677 13899 10677 13899 17526 10677 13899 10677 13899 13899 10677 10677 13899 10677 10677 13899 10677 10677 10677 13899 17526 10677 10677 17526 13899 13899 10677 10677 17526 13899 17526 13899 13899 13899 10677 17526 13899 17526 13899 10677 10677 17526 13899 10677 10677 17526 17526 13899 17526 13899 10677 13899 10677
-1 -1 -1 -1 -1 -1 -1 -1 -1 -1 -1 -1 -1 10696 10696 13899 17538 17538 10696 10696 13899 10696 17538 10696 13899 17538 10696 10696 17538 13899 13899 10696 13899 17538 10696 10696 10696 10696 13899 17538 13899 13899 13899 10696 13899 13899 10696 13899 10696 10696 13899 13899 17538 10696 13899 17538 13899 10696 10696 13899 17538 10696 10696 13899 10696 13899 13899 10696 13899 13899 13899 17538 10696 17538 13899 17538 10696 10696 10696 10696 13899 17538 13899 10696
-1 -1 -1 -1 -1 -1 -1 -1 -1 -1 -1 -1 10715 17550 13899 17550 10715 13899 10715 17550 13899 13899 10715 17550 13899 10715 13899 10715 13899 13899 10715 13899 13899 17550 17550 13899 17550 10715 13899 10715 13899 10715 13899 13899 13899 10715 10715 13899 10715 10715 17550 17550 10715 10715 10715 10715 13899 13899 17550 10715 17550 13899 10715 13899 17550 10715 13899 13899 13899 10715 17550 13899 10715 10715 10715 10715 10715 10715 10715 10715 13899 17550 10715 10715
-1 -1 -1 -1 -1 -1 -1 -1 -1 -1 -1 13899 13899 10735 13899 10735 13899 17562 17562 13899 17562 10735 17562 13899 17562 10735 10735 17562 10735 10735 10735 17562 13899 13899 10735 17562 10735 10735 10735 17562 13899 10735 10735 13899 10735 10735 13899 17562 17562 10735 10735 13899 13899 10735 17562 17562 13899 10735 10735 10735 13899 10735 13899 17562 13899 13899 10735 13899 17562 13899 17562 10735 10735 10735 10735 10735 13899 10735 17562 10735 10735 10735 13899 17562
-1 -1 -1 -1 -1 -1 -1 -1 -1 -1 10754 13899 10754 13899 13899 10754 13899 10754 13899 13899 10754 17573 17573 10754 10754 13899 10754 10754 17573 17573 10754 10754 13899 13899 10754 13899 17573 17573 13899 13899 10754 13899 17573 10754 13899 13899 10754 10754 10754 17573 17573 10754 17573 13899 10754 10754 17573 13899 10754 10754 17573 13899 13899 10754 10754 13899 13899 10754 10754 10754 10754 17573 17573 13899 10754 17573 17573 13899 10754 10754 17573 10754 13899 10754
-1 -1 -1 -1 -1 -1 -1 -1 -1 -1 13899 13899 10773 10773 13899 10773 13899 10773 17585 13899 10773 13899 10773 10773 13899 10773 10773 13899 13899 17585 10773 13899 17585 13899 10773 10773 13899 17585 13899 17585 17585 13899 10773 13899 13899 17585 10773 10773 13899 13899 10773 10773 10773 10773 13899 13899 13899 10773 10773 17585 13899 13899 13899 10773 17585 10773 17585 13899 10773 10773 10773 10773 10773 17585 13899 17585 17585 13899 13899 17585 17585 10773 13899 10773
-1 -1 -1 -1 -1 -1 -1 -1 -1 10792 17597 13899 10792 13899 17597 13899 13899 13899 10792 13899 13899 10792 13899 13899 10792 10792 13899 17597 13899 10792 10792 10792 13899 17597 17597 10792 10792 10792 13899 10792 17597 13899 13899 10792 10792 10792 17597 10792 10792 10792 10792 10792 13899 10792 10792 13899 10792 13899 13899 10792 17597 13899 10792 13899 10792 13899 10792 13899 13899 10792 10792 10792 10792 13899 17597 10792 13899 10792 13899 13899 13899 17597 13899 10792
-1 -1 -1 -1 -1 -1 -1 -1 -1 10811 10811 13899 10811 13899 10811 10811 17609 13899 10811 13899 17609 10811 13899 17609 10811 10811 13899 13899 10811 10811 17609 17609 10811 13899 10811 17609 17609 13899 10811 10811 13899 13899 10811 13899 13899 13899 10811 17609 13899 13899 10811 10811 13899 10811 13899 13899 13899 13899 17609 10811 13899 13899 13899 17609 17609 10811 10811 10811 13899 17609 10811 10811 10811 10811 10811 10811 13899 17609 10811 17609 13899 17609 13899 13899
-1 -1 -1 -1 -1 -1 -1 -1 -1 13899 10830 10830 13899 13899 10830 13899 10830 10830 13899 13899 17620 10830 17620 10830 13899 13899 13899 10830 10830 10830 17620 10830 10830 10830 10830 10830 10830 13899 17620 13899 10830 10830 10830 10830 13899 10830 13899 10830 10830 13899 17620 10830 13899 10830 10830 13899 17620 17620 13899 10830 10830 17620 13899 10830 13899 13899 10830 10830 13899 13899 13899 13899 10830 17620 17620 17620 13899 10830 13899 13899 13899 10830 13899 13899
-1 -1 -1 -1 -1 -1 -1 -1 10849 13899 13899 17632 10849 17632 13899 10849 13899 13899 13899 13899 10849 13899 10849 10849 17632 13899 10849 13899 17632 13899 10849 13899 17632 10849 10849 10849 13899 10849 10849 10849 17632 10849 10849 10849 10849 13899 10849 17632 13899 17632 10849 10849 10849 10849 13899 17632 10849 10849 10849 10849 17632 10849 13899 10849 13899 10849 13899 17632 13899 13899 13899 17632 13899 17632 10849 10849 17632 10849 13899 10849 13899 17632 13899 13899
-1 -1 -1 -1 -1 -1 -1 -1 10868 10868 13899 17644 10868 17644 13899 10868 13899 10868 13899 10868 17644 10868 10868 10868 10868 10868 10868 10868 13899 17644 13899 10868 17644 13899 17644 13899 13899 17644 13899 17644 10868 10868 13899 10868 17644 13899 17644 10868 10868 10868 13899 17644 10868 13899 10868 10868 13899 13899 10868 10868 13899 13899 10868 10868 13899 10868 13899 10868 10868 13899 10868 13899 10868 10868 13899 13899 17644 10868 17644 17644 10868 13899 10868 10868
-1 -1 -1 -1 -1 -1 -1 -1 10887 10887 10887 13899 13899 17655 13899 10887 13899 13899 17655 10887 10887 10887 10887 13899 17655 10887 10887 10887 10887 13899 10887 10887 10887 10887 13899 17655 10887 13899 10887 10887 17655 10887 13899 10887 13899 17655 13899 10887 10887 10887 17655 13899 17655 17655 13899 17655 10887 13899 13899 17655 10887 10887 10887 10887 10887 13899 10887 13899 10887 10887 17655 10887 10887 13899 17655 13899 17655 17655 13899 17655 13899 17655 10887 -1
-1 -1 -1 -1 -1 -1 -1 -1 -1 10906 10906 10906 17667 13899 13899 10906 13899 13899 13899 17667 13899 17667 13899 10906 10906 10906 13899 10906 13899 13899 17667 13899 10906 13899 17667 10906 13899 10906 13899 13899 13899 10906 17667 13899 17667 13899 10906 10906 13899 10906 10906 17667 13899 13899 10906 13899 13899 13899 13899 13899 10906 13899 10906 10906 17667 13899 17667 10906 13899 17667 13899 13899 17667 13899 10906 10906 10906 17667 10906 13899 17667 10906 10906 -1
